map 0.309737
map_score 0.278813
mar_score 0.546643
map/small 0.228659
map/medium 0.412057
map/large 0.266687
map/common 0.236903
map/rare 0.397854
11 0.609768
12 0.630172
13 0.717231
15 0.606761
17 0.107189
18 0.452804
19 0.314154
20 0.081639
21 0.029591
23 0.134697
24 0.026087
25 0.107517
26 0.065449
27 0.118424
28 0.159140
29 0.319156
32 0.307131
33 0.620370
34 0.630313
35 0.612044
36 0.263119
37 0.575343
38 0.368353
40 0.202963
41 0.148711
42 0.453302
44 0.440307
45 0.287584
47 0.147532
49 0.405311
50 0.529024
51 0.378908
52 0.346573
53 0.250210
54 0.048260
55 0.131927
56 0.302716
57 0.420142
59 0.170534
60 0.178329
61 0.866333
62 0.318135
63 0.345872
64 0.495264
65 0.501068
66 0.449203
71 0.172751
72 0.066919
73 0.480975
74 0.246458
75 0.000000
76 0.153772
77 0.223896
79 0.016521
82 0.000000
83 0.115916
84 0.525965
86 0.463893
89 0.191928
91 0.111636
93 0.476078
94 0.282304
f1 0.369277
11, 486, 58, 74, 0.609768, 
12, 831, 310, 367, 0.630172, 
13, 945, 575, 715, 0.717231, 
15, 146, 53, 68, 0.606761, 
17, 11329, 882, 2926, 0.107189, 
18, 315471, 162293, 211627, 0.452804, 
19, 9356, 3490, 6905, 0.314154, 
20, 7051, 477, 1089, 0.0816394, 
21, 12526, 899, 3616, 0.0295909, 
23, 105260, 8418, 12189, 0.134697, 
24, 1661, 413, 5225, 0.0260866, 
25, 1114, 567, 3157, 0.107517, 
26, 1777, 227, 838, 0.0654492, 
27, 13128, 1825, 4079, 0.118424, 
28, 912, 253, 788, 0.15914, 
29, 134, 65, 123, 0.319156, 
32, 440, 92, 160, 0.307131, 
33, 12, 8, 12, 0.62037, 
34, 2031, 1176, 1626, 0.630313, 
35, 2583, 1354, 1848, 0.612044, 
36, 787, 69, 125, 0.263119, 
37, 129, 82, 111, 0.575343, 
38, 227, 68, 116, 0.368353, 
40, 1693, 310, 684, 0.202963, 
41, 2569, 561, 1462, 0.148711, 
42, 4250, 539, 703, 0.453302, 
44, 317, 133, 212, 0.440307, 
45, 336, 91, 189, 0.287584, 
47, 1517, 335, 797, 0.147532, 
49, 294, 114, 194, 0.405311, 
50, 806, 312, 450, 0.529024, 
51, 637, 177, 328, 0.378908, 
52, 93, 36, 77, 0.346573, 
53, 698, 84, 181, 0.25021, 
54, 392, 38, 146, 0.0482596, 
55, 635, 65, 190, 0.131927, 
56, 124, 42, 68, 0.302716, 
57, 58, 29, 55, 0.420142, 
59, 1419, 147, 332, 0.170534, 
60, 542, 269, 1006, 0.178329, 
61, 527, 307, 333, 0.866333, 
62, 170, 35, 56, 0.318135, 
63, 1482, 403, 612, 0.345872, 
64, 1231, 542, 823, 0.495264, 
65, 268, 167, 271, 0.501068, 
66, 182, 54, 76, 0.449203, 
71, 12752, 412, 712, 0.172751, 
72, 20568, 593, 1191, 0.0669186, 
73, 554671, 235482, 316652, 0.480975, 
74, 1863, 127, 208, 0.246458, 
75, 0, nan, 0, 0, 
76, 9239, 670, 1090, 0.153772, 
77, 3713, 455, 941, 0.223896, 
79, 392, 56, 1040, 0.0165205, 
82, 0, nan, 0, 0, 
83, 15298, 1690, 4256, 0.115916, 
84, 331, 84, 119, 0.525965, 
86, 3316, 1069, 1681, 0.463893, 
89, 6330, 1245, 2371, 0.191928, 
91, 7808, 827, 1566, 0.111636, 
93, 890, 279, 360, 0.476078, 
94, 1106, 43, 78, 0.282304, 
