     0/998   105/105      1.06         1     0.084    0.0737      1.79         0      4.01     0.261     0.137        18        10        49         6      0.36
     1/998   105/105     0.868      0.81    0.0603    0.0563      1.22         0      3.02     0.491     0.317        13         6        48         7     0.367
     2/998   105/105     0.797     0.739    0.0519    0.0502      1.06         0       2.7     0.562     0.406        24        20        48         3     0.366
     3/998   105/105     0.757     0.707    0.0477    0.0472     0.987         0      2.55     0.607     0.453        64        28        16        35     0.377
     4/998   105/105     0.739     0.682    0.0455    0.0452     0.941         0      2.45     0.629      0.48        75        55        70        15     0.369
     5/998   105/105     0.722     0.673    0.0448    0.0435     0.906         0      2.39      0.63     0.495       181        60        54        98     0.369
     6/998   105/105     0.692     0.643    0.0414    0.0413     0.876         0      2.29     0.652     0.514       370        97        11       267     0.386
     7/998   105/105     0.691     0.644    0.0407    0.0409     0.848         0      2.26     0.665      0.53       403        59        16       335     0.383
     8/998   105/105     0.671     0.626    0.0381    0.0399     0.814         0      2.19     0.678     0.541       113        43        35        69      0.37
     9/998   105/105     0.667     0.629    0.0383    0.0389     0.784         0      2.16     0.684     0.552       349       203        59       116     0.381
    10/998   105/105     0.665      0.61    0.0373    0.0378     0.773         0      2.12     0.696     0.571        45        32        79        11     0.369
    11/998   105/105     0.661     0.603    0.0368    0.0368     0.746         0      2.08     0.705     0.577        15         9        62         4     0.361
    12/998   105/105     0.642     0.595    0.0353    0.0364     0.746         0      2.05      0.71     0.584        58        32        32        23     0.368
    13/998   105/105      0.64     0.596    0.0354    0.0368     0.739         0      2.05     0.712     0.586        35        24        62         7     0.363
    14/998   105/105     0.632     0.578    0.0346    0.0351     0.708         0      1.99      0.72     0.598       593        72        26       498     0.389
    15/998   105/105     0.624     0.584    0.0359    0.0349      0.71         0      1.99     0.723       0.6        23        19        60         1     0.365
    16/998   105/105     0.627     0.589    0.0338    0.0356     0.716         0         2     0.724     0.602        84        52        14        32     0.384
    17/998   105/105     0.623     0.582    0.0341     0.036     0.723         0         2     0.723       0.6         5         5        45         0     0.359
    18/998   105/105     0.616     0.564    0.0325    0.0338     0.669         0      1.92     0.732     0.612        35        22        43         8     0.364
    19/998   105/105     0.616      0.57    0.0337    0.0352     0.671         0      1.93     0.738     0.623        29        16       197        13      0.36
    20/998   105/105     0.612     0.566    0.0331     0.034     0.687         0      1.93     0.733     0.617       231       125        49        94      0.39
    21/998   105/105     0.607     0.572    0.0329    0.0334     0.669         0      1.91     0.745     0.624         1         1         7         0     0.365
    22/998   105/105     0.607     0.562    0.0326    0.0333     0.651         0      1.89     0.739     0.625        43        32        42         8     0.367
    23/998   105/105     0.609     0.557     0.032    0.0326     0.655         0      1.89     0.744     0.627        31        24        67         6     0.374
    24/998   105/105       0.6     0.557    0.0316    0.0323     0.677         0       1.9     0.753     0.636        70        45        30        18     0.368
    25/998   105/105       0.6      0.56    0.0324    0.0326      0.65         0      1.87     0.747     0.636       114        97        81        14     0.378
    26/998   105/105     0.594     0.556    0.0303     0.032     0.633         0      1.85     0.756     0.647       280       158        22       113     0.383
    27/998   105/105     0.593      0.54    0.0308    0.0309     0.629         0      1.82     0.753     0.638       166       119        38        41     0.373
    28/998   105/105     0.594     0.553    0.0315     0.032     0.646         0      1.86     0.749     0.636        17        14        36         2     0.378
    29/998   105/105     0.585     0.545    0.0299    0.0302     0.613         0       1.8     0.761     0.646       303       148        25       141     0.383
