     0/998   105/105      1.26      1.25      0.12     0.112      2.19      1.89      6.81    0.0012  0.000492        18         0        57        18     0.366
     1/998   105/105      1.21       1.2     0.099     0.092      2.11      1.79       6.5  0.000563  0.000387        13         0         0        13     0.378
     2/998   105/105      1.16      1.15     0.092    0.0875      1.64      1.78      5.91    0.0667    0.0212        24         0        22        20      0.37
     3/998   105/105       1.1      1.09    0.0943     0.089      1.49      1.75      5.61     0.133    0.0598        64         6        23        55      0.38
     4/998   105/105      1.08      1.08    0.0895    0.0864      1.38      1.72      5.44     0.177    0.0845        75        17        26        51     0.372
     5/998   105/105      1.07      1.07    0.0896    0.0846      1.35      1.71      5.37     0.173    0.0873       181         2         7       174     0.373
     6/998   105/105      1.04      1.04    0.0861    0.0827      1.32      1.69      5.25     0.186    0.0965       370         8        41       343     0.391
     7/998   105/105      1.03      1.04    0.0807    0.0798      1.26      1.68      5.17     0.202     0.118       403         8        27       387     0.386
     8/998   105/105      1.01      1.04    0.0797    0.0789      1.23      1.68      5.12     0.189     0.113       113         5        39        96     0.372
     9/998   105/105      1.02      1.01    0.0801    0.0774      1.19      1.68      5.06     0.196     0.121       349        39        47       274     0.381
    10/998   105/105      1.01     0.987    0.0787    0.0734      1.17      1.67      4.99     0.203     0.132        45         5       162        31     0.373
