1769.29 2603.38 2029.55 2731.01 83 0.492073 
1339.79 2641.98 1422.4 2710.83 83 0.495139 
1187.88 2010.35 1210.15 2048.27 35 0.984126 
1167.08 2127 1188.59 2164.53 35 0.993047 
1160.87 2166.08 1181.49 2206.21 35 0.995747 
1181.51 2049.79 1204.42 2087.92 35 0.996818 
1174.05 2087.94 1196.94 2127.53 35 0.983917 
1195.46 1969.79 1218.59 2010.01 38 0.973378 
1519.44 2881.26 1636.56 2932.21 74 0.905492 
1732.34 1342.8 1753.9 1358.68 65 0.620058 
1775.36 1872.54 1814.71 1895.51 53 0.999387 
2377.24 1134.22 2397.74 1150.02 53 0.551968 
2581.97 1299.19 2619.05 1319.13 53 0.586079 
1770.44 2306.71 1787.65 2326.65 53 0.501678 
1815.9 1862.14 1856.12 1893.37 56 0.999941 
1807.7 2058.31 1842.89 2084.98 56 0.999754 
1824.94 2018.44 1863.32 2043.95 56 0.999813 
1783.69 1907.18 1825.75 1934.47 56 0.999366 
1827.43 1887.31 1867.86 1924.11 56 0.999483 
1774.85 1846.16 1810.67 1875.84 56 0.999252 
2377.97 1136.37 2396.9 1148.32 56 0.558314 
2056.56 844.379 2099.35 870.72 91 0.993076 
1842.03 823.66 1889.97 852.75 91 0.994304 
2295.73 1117.81 2338.12 1138.41 91 0.990247 
2375 1454.27 2420.56 1483.64 91 0.999629 
2378.56 1214.19 2423.75 1235.03 91 0.998098 
2032.27 664.823 2070.55 694.938 91 0.99056 
1809.62 2174.96 1853.3 2205.6 91 0.802208 
1948.3 1190.82 1992.41 1214.36 91 0.99629 
1887.05 832.892 1926.02 855.729 91 0.986075 
2419.12 1241.22 2466.13 1266.61 91 0.998989 
2925.24 1038.5 2967.41 1065.4 91 0.711985 
2376.41 1806.1 2422.73 1831.65 91 0.914311 
2299.66 968.052 2337.91 988.847 91 0.99756 
2241.15 1106.44 2284.64 1128.51 91 0.986656 
2513.61 829.077 2556.76 848.333 91 0.979467 
2299 954.051 2337.69 975.732 91 0.988948 
2875.25 1037.74 2913.3 1059.83 91 0.982753 
2401.8 1149.42 2445.55 1166.9 91 0.99842 
2646.61 1409.3 2662.63 1418.4 91 0.958069 
2288.33 1306.42 2323.5 1326.92 91 0.996726 
1610.93 1713.36 1639.32 1756.95 91 0.999351 
2348.55 954.308 2389.71 972.099 91 0.988171 
1891.91 739.22 1934.16 759.813 91 0.996407 
2852.98 1017.37 2879.51 1042.59 91 0.870226 
2375.96 1816.66 2418.88 1842.03 91 0.936341 
1575.45 1207.81 1609.61 1228.48 91 0.328893 
1841.17 1167.31 1890.36 1195.15 91 0.592498 
1740.52 2307.32 1768.18 2347.82 91 0.998576 
2037.12 825.007 2063.33 849.153 91 0.995824 
1843.03 1599.17 1889.14 1616.66 91 0.997952 
2043.51 1358.1 2090.13 1376.47 91 0.980753 
2185.41 1615.83 2221.51 1635.6 91 0.984398 
2429.83 826.636 2452.38 848.757 91 0.989765 
2162.94 2118.6 2208.54 2136.33 91 0.997597 
2244.47 1605.92 2288.82 1623.92 91 0.9942 
1550.87 2399.68 1585.03 2418.35 91 0.955046 
1972.36 819.569 2016.21 839.973 91 0.665486 
2922.53 1015.19 2972.74 1049.43 91 0.473964 
2811.94 1181.15 2833.42 1192.58 91 0.999119 
1664.05 1591.55 1686.15 1633.53 91 0.978423 
2244.46 951.047 2267.49 966.12 91 0.904377 
2242.52 1619.94 2288.54 1631.3 91 0.945927 
2860.79 1681.45 2883.8 1696.37 91 0.994447 
2700.78 1180.71 2723.87 1195.62 91 0.995034 
2720.9 1534.6 2739.51 1545.51 91 0.99851 
1948.49 1166.64 1991.92 1187.03 91 0.969762 
1823.33 796.835 1846.48 812.409 91 0.99836 
2410.46 2029.07 2434.84 2044.05 91 0.999291 
2738.22 1535.12 2762.66 1550.22 91 0.995621 
2789.5 1415.12 2806.72 1425.59 91 0.919318 
2847.87 1604.4 2872.57 1620.8 91 0.995153 
2444.29 728.299 2489.54 747.501 91 0.997293 
2482.31 887.083 2507.19 901.649 91 0.998299 
2428.79 2326.95 2451.16 2343.24 91 0.73866 
3068.98 913.759 3091.82 956.99 91 0.314796 
2666.69 1015.47 2691.27 1030.52 91 0.895005 
2361.66 868.285 2404.79 887.064 91 0.996765 
2072.52 2306.45 2114.72 2336.67 91 0.993484 
2662.54 899.983 2685.13 915.11 91 0.9965 
2547.27 883.413 2570.13 898.93 91 0.969926 
2461.24 966.437 2484.85 982.433 91 0.99889 
2750.3 1088.94 2771.76 1099.65 91 0.999029 
2268.84 2138.91 2313.85 2157.25 91 0.988365 
1965.12 730.643 2006.65 751.228 91 0.877666 
2422.43 1218.64 2467.17 1239.71 91 0.995039 
1754.02 2301.81 1780.94 2341.32 91 0.990612 
2771.14 1098.28 2794.88 1112.8 91 0.998509 
2003.93 929.718 2041.93 950.402 91 0.490943 
2298.17 931.43 2337.98 953.795 91 0.969865 
2430.69 958.816 2454.22 977.298 91 0.990601 
2558.8 1236.27 2581.22 1252.55 91 0.990277 
1742.23 1163.3 1764.81 1179.24 91 0.661601 
2856.06 687.752 2878.99 724.299 91 0.91466 
2155.54 2129 2198.03 2150.76 91 0.997354 
1651.06 868.373 1695.79 887.699 91 0.921014 
2252.64 964.177 2298.06 983.751 91 0.991829 
1722.86 1007.27 1746.95 1022.13 91 0.983272 
2834.23 1415.51 2850.53 1425.67 91 0.934379 
2505.58 2245.52 2549.6 2264.87 91 0.778658 
2923.5 1431.68 2946.41 1447.91 91 0.6817 
2556.48 825.005 2603.47 844.072 91 0.996118 
2491.66 744.537 2534.06 765.904 91 0.954575 
2595.76 1490.49 2610.77 1516.48 91 0.920898 
1845.13 1583.57 1890.73 1601.83 91 0.996142 
2779.69 1205.19 2814.9 1225.58 91 0.998546 
1674.71 1223.64 1698.89 1238.3 91 0.996289 
2750.61 923.277 2769.96 934.817 91 0.998784 
1889.72 746.412 1932.4 779.196 91 0.822723 
2236.15 768.827 2283.92 787.008 91 0.998449 
2685.48 1267.5 2707.07 1283.46 91 0.994304 
376.062 1975.92 420.918 2006.24 91 0.405694 
2268.44 2154.69 2314.33 2173.91 91 0.970773 
2556.13 1902.74 2602.16 1921.47 91 0.983788 
2450.46 2314.96 2473.27 2338.01 91 0.591913 
1614.51 1637.23 1629.69 1660.83 91 0.456117 
1728.51 1173.89 1753.39 1197.16 91 0.98011 
1913.84 2373.09 1940.46 2404.39 91 0.427161 
1789.09 1167.53 1835.08 1186.28 91 0.994582 
2833.72 1419.89 2850.23 1430.49 91 0.869867 
2887.93 1013.17 2904.09 1025.85 91 0.812425 
2668.68 1527.61 2689.56 1539.05 91 0.998396 
2842.34 1395.33 2865.67 1411.61 91 0.906691 
2759.86 1181.66 2783.41 1197.03 91 0.995435 
2454.18 2109.42 2470.36 2133.24 91 0.863631 
1694.63 1177.35 1712.77 1188.73 91 0.977086 
2453.76 1543.95 2503.85 1574.73 91 0.549311 
2874.1 1014.33 2890.33 1037.28 91 0.412777 
2863.68 1664.38 2886.65 1679.88 91 0.99042 
2600.83 2150.19 2617.45 2172.56 91 0.616106 
2602.13 835.15 2647.44 855.051 91 0.930145 
2345.02 811.127 2388.87 830.282 91 0.981602 
2129.29 2320.64 2175.19 2354.53 91 0.516951 
1911.03 1169.98 1949.96 1200.85 91 0.84582 
2735.34 2131.47 2757.37 2175.68 91 0.945404 
2724.64 1259.41 2770.88 1277.78 91 0.561641 
2429.16 791.964 2458.81 815.677 91 0.606732 
2591.59 1439.42 2624.26 1494.54 91 0.572172 
2119.75 2310.01 2165.69 2343.33 91 0.634711 
1607.84 1722.35 1623.33 1748.35 91 0.997198 
2391.81 1329.71 2436.15 1347.77 91 0.99094 
2767.82 1034.6 2791.67 1048.78 91 0.8512 
2703.11 2472.83 2718.24 2485.23 91 0.466589 
1937.04 2319.23 1958.96 2361.52 91 0.742329 
2733.38 1403.02 2756.81 1417.57 91 0.541105 
2371.49 2145.18 2388.99 2167.49 91 0.808934 
2401.08 1127.48 2422.45 1143.01 91 0.9921 
2864.91 1659.15 2884.18 1668.42 91 0.99312 
2495.65 2310.64 2518.3 2329.39 91 0.5479 
2857.51 935.411 2882.45 950.523 91 0.916409 
2859.34 1410.82 2880.97 1426.78 91 0.922455 
2751.69 1013.01 2796.42 1032.53 91 0.675445 
2376.82 737.179 2411.43 759.615 91 0.545129 
2865.1 712.961 2886.67 754.285 91 0.974998 
101.2 2553.88 125.15 2592.46 91 0.418817 
2300.43 2341.06 2322.65 2357.26 91 0.761741 
2301.98 1444.74 2341.37 1496.82 91 0.559206 
2261.5 1120.12 2282.39 1130.44 91 0.98119 
2374.32 705.845 2412.72 725.607 91 0.994154 
2358.46 875.485 2401.85 894.713 91 0.987397 
2411.4 2331.88 2432.48 2347.79 91 0.746543 
1699.28 2438.27 1720.5 2460.71 91 0.388974 
2427.41 824.748 2451.56 836.426 91 0.99285 
1950.96 1179.14 1989.99 1205.15 91 0.935537 
1573 1652.14 1613.95 1678.3 91 0.833111 
1794.6 1137.3 1841.95 1163.61 91 0.709974 
2536.15 2294.69 2554.89 2317.45 91 0.665141 
2458.4 788.313 2483.09 809.724 91 0.866013 
1855.74 2173.27 1871.75 2197.31 91 0.737338 
2489.6 828.48 2510.27 839.686 91 0.984747 
2783.83 696.408 2796.63 706.809 91 0.616375 
1731.66 742.003 1755 753.796 91 0.805089 
2316.63 815.049 2344.17 833.477 91 0.649961 
2110.96 2284.96 2159.2 2304.92 91 0.408582 
1596.23 1750.34 1630.23 1773.26 91 0.326411 
2248.06 692.751 2295.7 711.845 91 0.667882 
2672.18 1394.33 2680.58 1404.87 91 0.495353 
1927.89 1767.15 1972.11 1785.26 91 0.900558 
1747.9 40.6611 1770.85 57.7317 42 0.76586 
803.983 2906.69 832.642 2930.78 42 0.381173 
2542.91 1064.65 2598.46 1148.43 57 0.999487 
1776.81 954.794 1825.81 1055.63 57 0.999522 
1922.59 737.3 1981.5 820.425 57 0.999248 
2974.57 1191.97 3050.19 1268.55 57 0.999321 
2571.93 1222.47 2640.71 1316.41 57 0.999198 
1949.6 980.986 1999.37 1075.45 57 0.999327 
2055.4 674.421 2140.63 754.446 57 0.998159 
1849.83 963.752 1898.85 1057.81 57 0.998381 
2004.99 1068.16 2056 1166.53 57 0.99786 
2983.06 1113.03 3053.3 1203.18 57 0.997052 
1828.23 728.645 1874.47 762.234 89 0.999705 
2233.33 1778.58 2270.91 1829.58 89 0.998995 
1932.99 811.089 1973.87 837.516 89 0.971629 
1685.45 1702.45 1733.48 1750.52 89 0.999924 
1866.94 730.302 1897.29 755.158 89 0.872646 
2333.67 1464.89 2365.14 1498.63 89 0.986753 
2031.39 1497.34 2080.84 1539.89 89 0.999608 
2349.63 2325.62 2380.41 2362.97 89 0.937288 
2185.09 1594.02 2229.07 1622.08 89 0.995143 
2128.75 1524.26 2178.15 1564.43 89 0.959595 
2005.63 1672 2059.27 1732.88 89 0.999013 
2439.11 1348.45 2492.88 1407.97 89 0.998255 
1924.62 1732.12 1974.62 1780.26 89 0.999766 
1974.24 1406.96 2026.35 1436.77 89 0.999697 
1791.98 1140.85 1843.15 1173.21 89 0.976593 
1844.36 1143.42 1894.25 1176.99 89 0.679554 
2378.72 2319.68 2412.88 2345.43 89 0.980561 
1766.11 1633.66 1813.62 1675.79 89 0.99979 
1706.02 1545.97 1748.41 1570.23 89 0.917447 
2455.55 1531.96 2505.14 1567.51 89 0.989096 
1975.7 1317.2 2031.81 1381.76 89 0.999472 
2499.85 2218.82 2549.67 2251.86 89 0.975662 
2493.98 1218.93 2544.12 1250.22 89 0.99947 
2518.92 1393.16 2566.25 1423.24 89 0.99478 
1766.02 1549.9 1821.51 1620.06 89 0.997922 
2770.97 827.752 2826.23 893.512 89 0.999619 
2508.82 1464.03 2563.23 1518.13 89 0.999638 
2260.8 2281.89 2305.63 2322.52 89 0.979432 
2457.34 1457.96 2509.14 1512.31 89 0.998849 
2300.85 2334.72 2337.16 2362.53 89 0.955934 
2068.68 1156.17 2118.1 1192.04 89 0.999148 
2369.27 1518.4 2400.49 1583.42 89 0.996147 
2243.19 1618.49 2287.1 1645 89 0.929558 
2367.27 1680.86 2421.36 1741.94 89 0.997285 
1980.91 652.002 2037.32 713.039 89 0.999626 
1941.57 1570.18 1995.12 1630.77 89 0.999053 
2100.88 1674.42 2154.24 1735.83 89 0.998819 
2022.56 1579.52 2070.14 1629.38 89 0.999494 
2310.56 1787.48 2365.08 1842.21 89 0.999249 
2000.03 1773.77 2046.16 1802.98 89 0.996368 
1918.75 2181.89 2017.71 2251.9 89 0.99747 
2389.97 1530.49 2435.55 1589.57 89 0.999618 
2434.53 1801.5 2483.28 1845.35 89 0.998985 
2233.54 784.504 2283.44 825.897 89 0.995823 
2271.91 2345.31 2300 2368.43 89 0.476046 
2036.33 1419.21 2086.27 1468.25 89 0.999473 
2312.06 786.685 2349.06 827.801 89 0.999363 
2091.18 2330.77 2128.65 2363.9 89 0.96244 
1729.99 737.945 1755.79 760.873 89 0.943527 
1928.2 1654.49 1982.13 1716.53 89 0.999387 
1820.96 1711.92 1873.85 1776.43 89 0.999382 
2600.73 811.662 2650.56 844.024 89 0.990305 
2168.18 1358.18 2200.84 1388.11 89 0.997274 
2045.37 1335.24 2090.68 1363.51 89 0.996955 
1834.96 1643.54 1884.4 1680.95 89 0.996253 
2152.95 1769.54 2204.92 1828.13 89 0.993326 
2157.2 1381.84 2202.1 1412.61 89 0.997796 
2702.23 902.814 2729.56 928.78 89 0.870965 
2555.89 1714.85 2610.99 1782.71 89 0.99636 
2087.28 1758.36 2138.17 1815.84 89 0.999259 
2657.87 1560.82 2791.95 1646.85 89 0.999299 
2225.57 1681.53 2282.27 1743.84 89 0.998084 
1993.56 1157.04 2043.04 1202.96 89 0.99498 
2467.31 2199.28 2496.78 2227.18 89 0.998568 
2446.45 1691.38 2499.07 1759.6 89 0.998624 
2112.29 2293.48 2162.93 2332.29 89 0.993299 
2455.99 790.042 2484.52 812.999 89 0.93055 
2641.06 1249.09 2693.96 1285.84 89 0.985462 
2092.5 843.058 2136.58 877.082 89 0.999028 
1684.16 1622.68 1739.9 1676.34 89 0.998852 
2555.88 1636.17 2623.68 1697.14 89 0.99689 
2491.83 796.932 2538.63 815.023 89 0.996848 
2429 2209.5 2485.74 2270.11 89 0.998686 
2705.04 833.033 2732.63 871.328 89 0.998763 
1996.8 2363.48 2051.7 2398.47 89 0.993811 
2293.42 2260.17 2349.45 2314.54 89 0.999036 
2383.07 2238.06 2445.86 2298.81 89 0.997336 
1681.63 964.401 1755.93 1011.7 89 0.996965 
2515.2 885.153 2545.48 909.452 89 0.996424 
2338.67 2243.17 2395.37 2303.98 89 0.998821 
1987.83 710.271 2157.66 820.744 89 0.998495 
2259.96 1356.78 2307.91 1395.44 89 0.921733 
2647.06 1383.75 2678.86 1410.38 89 0.987963 
2065.07 1183.02 2111.15 1219.86 89 0.99722 
2958.45 1667.59 3006.53 1695.62 89 0.920058 
2495.27 1337 2544.12 1368.17 89 0.998727 
2388.57 787.875 2433.71 831.878 89 0.97286 
2107.45 2192.68 2156.33 2222.11 89 0.998158 
2924.42 1018.96 2970.99 1047.23 89 0.897806 
1778 1745.14 1806.62 1776.96 89 0.996955 
2242.11 709.595 2292.34 745.803 89 0.97746 
2432.67 792.607 2456.58 817.853 89 0.58783 
2114.39 1606.41 2167.35 1631.95 89 0.98673 
2489.45 741.725 2536.69 768.367 89 0.600708 
2161.95 2280.8 2208.32 2317.55 89 0.994813 
2210.38 2275.46 2266.6 2346.77 89 0.997545 
2111.92 2282.99 2159.98 2313.96 89 0.832367 
2428.59 2323.97 2452.18 2344.81 89 0.495463 
2724.76 1249.61 2769.92 1273.9 89 0.665139 
2550.91 1801.59 2581.46 1826.36 89 0.984342 
1835.89 636.214 1893.88 696.259 89 0.997496 
1997.46 2300.55 2030.01 2340.23 89 0.810016 
2166.03 2294.4 2213.19 2334.71 89 0.981289 
2488.55 810.585 2522.37 833.771 89 0.995777 
2346.1 789.594 2394.34 824.003 89 0.978146 
1863.16 2261.88 1908.3 2295.05 89 0.877878 
1609.4 1714.34 1630.31 1755 89 0.379642 
2564.09 900.632 2611.94 926.038 89 0.994926 
1896.57 651.942 1949.52 701.427 89 0.996777 
2130.17 2323.53 2177.92 2351.62 89 0.588347 
1545 1704.52 1623.1 1797.65 89 0.45872 
2589.95 2147.69 2617.87 2174.63 89 0.818806 
2629.05 983.082 2675.09 1020.57 89 0.590982 
2842.37 1396.47 2865.86 1412.14 89 0.585202 
2574.53 2150.09 2602.26 2178.38 89 0.787413 
2379.9 2231.75 2427.92 2258.74 89 0.943158 
1834.73 1668.72 1879.62 1688.45 89 0.639108 
1978.37 2298.84 2019.75 2344.13 89 0.966987 
2651.62 819.085 2696.75 849.596 89 0.960427 
2118.34 2311.32 2166.62 2339.91 89 0.957144 
2503.92 2242.07 2551.91 2267.99 89 0.751145 
2485.98 2306.94 2526.34 2332.58 89 0.477995 
2994.42 1535.09 3021.34 1567.57 89 0.553154 
1602.1 1252.48 1648.24 1323.7 89 0.49931 
2487.66 826.141 2517.66 842.244 89 0.854134 
3013.18 710.951 3051.73 783.833 89 0.363785 
2584.42 1431.49 2632 1494.1 89 0.722457 
2377.1 1808.23 2422.3 1837.25 89 0.741728 
2109.68 1622.74 2165.85 1631.71 89 0.812298 
1937.33 650.833 1968.94 705.593 89 0.992363 
2452.02 2315.62 2468.9 2337.2 89 0.50285 
2247.6 689.011 2297.39 715.614 89 0.627189 
1868.34 722.167 1893.69 743.712 89 0.767565 
2832.9 1415.84 2852.67 1431.83 89 0.567607 
1886.32 742.302 1934.81 788.178 89 0.625414 
1427.14 1458.29 1522.21 1533.05 79 0.606605 
688.612 593.112 698.076 605.242 63 0.951826 
1742.44 2394.95 1759.36 2418.35 63 0.723866 
1758.45 2401.96 1774.65 2423.28 63 0.944866 
1660.34 2240.01 1682.2 2256.41 26 0.44005 
1913.55 2090.48 1933.06 2110.97 26 0.999232 
2885.08 1408.05 2911.04 1436.98 26 0.492446 
1722.15 2333.32 1741.4 2355.55 26 0.998993 
1811.81 2268.43 1835.89 2299.89 26 0.970376 
1666.07 2213.19 1684.32 2238.48 26 0.993716 
2897.8 1417.57 2923.29 1451.2 26 0.940273 
1606.03 1882.58 1616.51 1893.48 26 0.450981 
2878.86 1413.31 2906.33 1451.39 26 0.976021 
1810.19 2261.11 1827.2 2282.51 26 0.996983 
2856.77 1422.39 2867.68 1435.77 26 0.984184 
2913.07 1427.22 2941.68 1454.19 26 0.538653 
2910.27 1424.61 2926.5 1449.31 26 0.98024 
1723.92 2309.66 1747.89 2341.56 26 0.990831 
313.114 309.676 322.374 320.145 26 0.372417 
1756.82 2449.01 1766.73 2459.49 26 0.884903 
368.414 118.729 380.031 134.128 24 0.41164 
2115.05 2507.46 2137.86 2528.55 24 0.446622 
10.1296 1412.96 26.1125 1436.06 24 0.319115 
723.759 353.056 738.182 372.56 24 0.350919 
159.805 2197 171.335 2214.18 24 0.403203 
389.386 72.2825 405.739 83.6539 24 0.549795 
1704.38 2729.2 1733.07 2753.72 24 0.635996 
2733.51 1403.66 2756.36 1418.9 24 0.621844 
2627.59 2188.98 2643.99 2210.68 24 0.342221 
1658 2238.05 1686.33 2258.4 24 0.411737 
2017.96 2300.66 2042.96 2331.2 24 0.684075 
1661.26 1169.1 1672.27 1184.79 24 0.590153 
386.183 65.5124 402.273 75.1507 24 0.423729 
2639.88 2321.73 2656.56 2332.5 20 0.69567 
237.011 719.238 250.68 729.628 20 0.751902 
212.526 541.862 222.463 555.679 20 0.870465 
941.452 0 956.805 8.00847 20 0.329778 
487.999 119.083 498.442 134.106 20 0.895459 
285.565 109.932 300.393 120.947 20 0.753961 
329.918 128.955 339.228 141.089 20 0.349829 
172.433 224.687 187.143 236.594 20 0.963347 
161.918 238.751 171.821 252.832 20 0.925381 
349.699 123.528 358.859 136.389 20 0.394224 
172.89 196.6 183.598 213.157 20 0.998951 
2626.05 2270.18 2642.14 2281.31 20 0.992844 
237.263 736.988 253.739 748.715 20 0.794704 
893.153 411.156 904.508 427.041 20 0.70148 
235.15 703.826 248.172 714.568 20 0.579278 
287.739 121.143 302.269 131.776 20 0.802886 
469.456 152.162 483.614 163.037 20 0.639146 
153.881 280.275 168.281 290.923 20 0.649574 
2624.19 2264.86 2640.49 2275.82 20 0.995571 
55.8786 1590.77 66.6454 1605.53 20 0.77721 
629.841 467.16 646.04 478.516 20 0.397115 
6.42337 1484.98 17.6706 1500.77 20 0.570253 
153.994 288.987 168.468 299.829 20 0.929959 
123.938 122.306 137.496 131.537 20 0.421302 
353.263 515.509 364.484 531.821 20 0.96075 
1798.11 1204.26 1809.62 1219.81 20 0.990416 
70.7696 1849.83 80.0559 1863.85 20 0.329686 
924.795 398.93 940.191 412.522 20 0.388213 
821.014 196.449 831.989 209.315 20 0.358174 
356.309 488.151 364.863 500.039 20 0.681769 
1030.65 321.714 1039.84 330.742 20 0.444935 
784.666 4.3448 801.536 15.3624 20 0.366486 
487.299 138.015 498.387 153.832 20 0.9916 
1007.73 359.055 1017.8 370.57 20 0.67387 
172.616 358.494 181.128 369.151 20 0.774656 
319.962 129.209 329.23 140.691 20 0.309267 
1875.37 1536.96 1887.75 1545.46 20 0.882733 
473.798 140.468 487.812 153.217 20 0.758379 
941.255 5.88014 955.12 17.1493 20 0.67157 
2215.53 2363.32 2224.84 2376.98 20 0.948863 
936.344 394.709 948.159 408.931 20 0.574369 
177.538 344.75 185.161 355.607 20 0.685248 
236.708 713.119 249.302 722.559 20 0.609554 
1117.61 0 1129.91 8.36175 20 0.389777 
674.952 446.469 687.475 455.957 20 0.342634 
231.54 684.071 243.484 698.712 20 0.822365 
916.427 401.608 933.941 418.218 20 0.402302 
556.33 475.698 569.41 486.648 20 0.748581 
2895.32 2261.38 2905.18 2275.11 20 0.362757 
2633.66 2284.39 2646.8 2293.31 20 0.866553 
348.87 532.715 357.293 544.163 20 0.503835 
249.055 766.549 258.514 777.022 20 0.735294 
1467.84 1643.31 1477.55 1653.09 20 0.849178 
399.885 291.493 414.8 302.63 20 0.429477 
2625.35 2285.37 2639.64 2294.18 20 0.934932 
2978.57 1286.13 3087.83 1416.68 59 0.99782 
2955.24 1273.53 3045.33 1358.91 59 0.994192 
230.273 621.087 239.118 633.843 18 0.484987 
656.413 471.179 665.928 485.376 18 0.708104 
213.147 145.428 228.141 155.112 18 0.741819 
2906.56 2256.87 2915.85 2271.01 18 0.687059 
2914.79 2254.54 2923.88 2267.92 18 0.675762 
2942.71 2250.91 2951.92 2264.34 18 0.724263 
413.916 110.542 423.249 124.007 18 0.86006 
2925.41 2161.16 2934.67 2173.39 18 0.851304 
94.3417 2081.49 104.618 2096.86 18 0.701443 
2994.83 2290.32 3003.94 2302.59 18 0.512051 
456.463 104.142 466.147 117.096 18 0.863968 
421.713 106.572 431.101 120.776 18 0.670775 
498.128 65.0273 514.835 76.1173 18 0.63273 
3012.95 2287.49 3021.71 2300 18 0.48971 
431.397 103.668 441.02 117.895 18 0.369077 
2118.47 2523.03 2134.68 2533.8 18 0.522248 
222.519 2320.27 237.25 2331.01 18 0.660403 
2911.11 2306.76 2919.95 2319.45 18 0.611101 
2785.39 2405.41 2795.27 2419.35 18 0.909137 
2981.82 2015.27 2991.97 2029.98 18 0.953148 
1833.43 1237.04 1849.75 1248.25 18 0.74245 
2954.16 2247.91 2963.03 2260.74 18 0.483321 
2800.84 2273.03 2816.61 2283.67 18 0.3941 
14.9999 161.494 29.2044 170.981 18 0.756886 
2770.78 2405.41 2780.74 2419.8 18 0.885094 
1076.44 302.605 1087.32 316.731 18 0.89841 
283.155 739.757 299.205 750.908 18 0.463885 
91.1302 2052.86 98.8646 2062.85 18 0.468876 
261.631 763.874 270.196 775.484 18 0.83848 
587.057 55.3224 601.989 66.2242 18 0.349037 
397.777 115.993 406.876 128.36 18 0.886226 
1902.84 1244.5 1918.21 1254.75 18 0.781395 
406.161 112.188 415.027 125.335 18 0.927927 
2853.19 2267.87 2862.4 2279.18 18 0.394516 
44.3018 1729.63 54.4311 1744.4 18 0.549009 
2993.55 2049.07 3010.03 2059.88 18 0.814829 
3085.18 2271.95 3092.41 2286.13 18 0.480925 
52.3866 165.476 62.5575 179.928 18 0.624716 
2939.98 2267.24 2956.32 2277.83 18 0.66158 
2973.81 2293.57 2984.41 2306.77 18 0.365352 
3077.76 2274.41 3087.35 2289.82 18 0.592013 
287.777 775.412 302.148 785.679 18 0.680369 
1340.39 2907.08 1355.71 2918.57 18 0.753432 
2965.43 2293.82 2975.78 2308.28 18 0.378507 
435.302 326.698 449.168 337.361 18 0.771817 
3016.92 2009.01 3027.08 2024.53 18 0.787466 
1740.84 2866.56 1751.59 2879.14 18 0.584785 
1710.23 2498.33 1726.96 2509.62 18 0.914517 
2606.16 2328.61 2622.34 2339.35 18 0.89786 
910.621 82.7934 920.813 95.8334 18 0.474266 
1013.08 365.304 1023.25 377.451 18 0.418497 
347.656 84.9218 362.209 93.8983 18 0.332388 
13.0348 185.36 26.6749 195.95 18 0.747754 
852.114 195.695 863.207 210.02 18 0.675911 
264.241 778.67 274.202 792.734 18 0.853818 
425.033 344.614 441.577 355.907 18 0.89087 
703.827 64.0368 717.327 73.7842 18 0.661838 
200.281 2504.06 211.195 2519.79 18 0.806148 
443.648 293.126 459.867 305.789 18 0.689931 
2949.58 2248.88 2958.66 2262 18 0.437204 
2897.15 2260.89 2907.18 2274.87 18 0.561002 
2748.91 2408.81 2759.18 2423.7 18 0.36682 
1104.33 250.841 1114.95 265.582 18 0.985537 
1112.13 234.808 1121.73 248.602 18 0.934427 
2750.79 2286.48 2766.26 2298.06 18 0.45739 
1348.4 2902.79 1363.58 2913.66 18 0.733409 
2999.09 2033.3 3009.28 2046.9 18 0.90597 
640.46 437.194 649.655 448.876 18 0.719281 
2055.34 2290.91 2072.04 2302.72 18 0.756606 
1938.13 2451.48 1952.31 2461.53 18 0.423433 
886.014 429.508 894.958 439.44 18 0.414343 
2997.16 2012.04 3007.54 2028.29 18 0.80617 
431.225 67.7174 446.724 78.569 18 0.720636 
105.245 2162.14 114.104 2172.11 18 0.776292 
1078.95 316.755 1091.12 332.927 18 0.904266 
115.232 2096.84 126.071 2112.44 18 0.78485 
243.614 755.219 259.299 766.313 18 0.547731 
913.797 66.0504 924.532 80.906 18 0.396524 
430.533 335.097 445.267 345.096 18 0.9089 
463.685 166.859 478.635 178.345 18 0.483766 
1034.76 400.486 1051.36 419.063 18 0.569095 
1145.78 204.628 1156.28 218.372 18 0.565277 
142.309 193.372 150.792 203.806 18 0.402365 
1124.9 208.26 1134.22 221.613 18 0.920515 
1577.62 2260.01 1592.9 2271.63 18 0.523059 
3007 2019.08 3015.87 2030.45 18 0.956781 
231.871 633.27 239.967 642.596 18 0.801354 
1046.46 301.354 1056.78 312.647 18 0.565085 
2980.7 1514.29 2991.19 1530.49 18 0.485643 
1095.87 265.89 1106.47 280.523 18 0.902804 
2779.83 2406.87 2789.3 2420.07 18 0.959921 
630.271 437.495 640.979 450.063 18 0.697906 
3022.74 2025.97 3038.45 2036.37 18 0.44915 
2073 1254.94 2085.37 1264.28 18 0.660343 
1127.66 241.868 1138.71 257.657 18 0.898686 
1119.25 0.145133 1128.13 7.84026 18 0.335124 
2989.8 2013.42 2999.82 2027.98 18 0.957265 
447.114 98.0476 456.655 107.858 18 0.621345 
2936.05 2510.56 2948.98 2521.85 18 0.531351 
1132 190.784 1142.73 204.216 18 0.518259 
675.968 447.13 685.412 455.848 18 0.427658 
433.464 331.775 448.924 342.404 18 0.805648 
1118.02 225.635 1126.2 235.761 18 0.8804 
410.716 72.5164 424.321 81.7538 18 0.818314 
145.579 2207.99 154.078 2219.8 18 0.502576 
2837.96 2297.76 2849.14 2306.42 18 0.487929 
3070.53 2278.94 3079.42 2291.33 18 0.373545 
82.5511 1883.22 91.5823 1895.89 18 0.452754 
0 191.519 6.24622 201.096 18 0.342052 
2514.5 1856 2529.89 1874.88 18 0.42756 
1074.48 2879.77 1083.34 2889.53 18 0.369 
1469.3 1644.43 1478.17 1652.77 18 0.514027 
2586.69 2293.56 2599.86 2301.93 18 0.327586 
13.0723 145.074 22.0183 152.791 18 0.796194 
2978.47 2293.56 2988.5 2306.31 18 0.352145 
213.988 737.241 228.537 746.938 18 0.433175 
381.179 2124.91 393.95 2134.24 18 0.547451 
998.509 366.561 1007.69 378.393 18 0.346138 
126.206 122.703 136.173 130.748 18 0.323423 
438.937 102.391 447.467 113.706 18 0.603584 
330.197 130.344 339.575 142.742 18 0.375764 
622.07 1021.95 629.369 1031.51 18 0.879135 
406.545 64.0724 422.806 73.9148 18 0.436838 
721.106 466.139 732.979 474.589 18 0.396833 
1.47093 197.879 10.212 207.948 18 0.405653 
810.934 289.142 819.657 300.842 18 0.336964 
1076.16 2882.39 1085.19 2892.88 18 0.314155 
308.026 16.4213 324.228 25.4929 18 0.68758 
1731.84 1345.94 1740.8 1356.04 18 0.469878 
365.208 729.635 373.456 738.316 18 0.340396 
408.58 76.7551 421.23 86.2655 18 0.890141 
390.787 75.1339 406.337 86.2631 18 0.331358 
137.075 170.363 146.366 179.843 18 0.308056 
1816.12 1451.06 1830.71 1461.27 18 0.385146 
396.427 103.578 405.852 112.053 18 0.692027 
216.748 742.236 232.42 753.201 18 0.395669 
1755.1 2892.98 1797.07 2930.28 25 0.482643 
2555.97 2419.2 2593.15 2440.69 25 0.815971 
1598.93 1862.66 1631.23 1883.8 25 0.998448 
1543.11 2576.31 1634.3 2621.2 25 0.985637 
1787.71 2719.47 1824.32 2776.2 25 0.979521 
1503.36 2560.19 1587.48 2603.63 25 0.982824 
1439.45 2695.92 1475.71 2738.24 25 0.745611 
1557.51 2638.45 1610.92 2715.07 25 0.900111 
1716.7 2570.71 1770.21 2598.48 25 0.943767 
2164.93 2492.86 2216.93 2520.7 25 0.760197 
2142.97 2443.8 2234.34 2486.95 25 0.896023 
2907.17 1018.01 2922.4 1043.56 25 0.806921 
1630.41 2686.01 1683.09 2766.92 25 0.893008 
1644.09 2753.8 1681.78 2793.71 25 0.891361 
7.28162 1412.51 30.2354 1440.91 25 0.44642 
1804.13 2904.6 1832.84 2929.07 25 0.341733 
2760.69 1408.6 2776.97 1430.11 25 0.559962 
1689.27 2772 1739.45 2844.04 25 0.924818 
1763.17 2513.31 1856.32 2559.42 25 0.904069 
89.498 1840.54 111.949 1875.1 25 0.768571 
1659.38 2580.6 1706.26 2606.93 25 0.986901 
1806.74 2520.29 1856.39 2548.94 25 0.937342 
2215.89 2484.52 2259.01 2510.71 25 0.983289 
1646.17 2645.65 1678.15 2692.63 25 0.464704 
1776.69 2868.7 1828.19 2924.88 25 0.524 
1732.02 2583.09 1779.36 2611.01 25 0.692219 
1535.31 2586.14 1592.25 2616.7 25 0.983405 
1739.48 2813.46 1787.38 2867.56 25 0.518 
2430.2 1692.76 2457.7 1750.34 25 0.490652 
1696.52 2580.1 1782.01 2622.94 25 0.821527 
1353.75 2626.61 1419.78 2701.56 25 0.53892 
2155.39 2460.45 2190.78 2486.96 25 0.807378 
1487.01 2671.45 1522.92 2713.12 25 0.50056 
1616.81 2713.85 1669.25 2787.09 25 0.985868 
1611.05 2707.73 1631.76 2749.09 25 0.433081 
1615.67 2791.76 1631.75 2835.29 25 0.620883 
2787.68 1410.06 2805.66 1431.27 25 0.812199 
1700.61 2591.52 1744.99 2618.27 25 0.933484 
1373.14 2636.87 1413.69 2677.95 25 0.682443 
2164.5 2459 2258.27 2529.18 25 0.311666 
2105.87 2281.22 2158.31 2308.91 25 0.771819 
1685.86 2770.59 1725.62 2812.93 25 0.745205 
1719.53 2806.05 1750.86 2849 25 0.904241 
2841.03 2216.74 2874.56 2234.34 25 0.59054 
1801.14 2714.56 1831.07 2739.22 25 0.587239 
1398.35 2723.58 1436.58 2769.17 29 0.992705 
1492.58 2660.04 1535.43 2706.42 29 0.998664 
1365.06 2743.56 1396.24 2791.01 29 0.993353 
1441.13 2691.31 1482.13 2739.01 29 0.986405 
1424.04 2714.59 1466.81 2766.19 29 0.998972 
1540.18 2698.05 1582.35 2744.02 29 0.999583 
1463.42 2689.59 1484.51 2735.87 29 0.991402 
1527.52 2699.5 1562.17 2741.77 29 0.99929 
1929.58 2777.23 1980.72 2805.21 29 0.998725 
1523.54 2647.37 1562 2690.61 29 0.933895 
1548.35 2634.97 1613.93 2710.2 29 0.482573 
1460.27 2695.33 1472.78 2740.61 29 0.939489 
1461.11 2675.94 1466.51 2699.24 29 0.965972 
1600.51 1112.52 1627.12 1147.61 64 0.994465 
1580.63 1082.24 1610.44 1113.87 64 0.977673 
2255.89 555.894 2371.09 715.368 55 0.998552 
2375.61 536.296 2478.84 724.943 55 0.998546 
2886.49 620.291 2987.29 763.515 55 0.997744 
2789.3 546.806 2873.74 708.889 55 0.98809 
2771.99 680.514 2862.83 799.659 55 0.992751 
2806.09 569.032 2856.11 671.15 55 0.964789 
1664.72 1591.66 1685.58 1630.96 27 0.961328 
1791.73 1956.28 1814.04 1973.31 27 0.999374 
1770.71 1959.67 1794.58 1976.76 27 0.999015 
1769.51 2528.31 1806.49 2552.87 27 0.574525 
2299.45 1443.38 2345.99 1500.33 27 0.86887 
1785.33 570.308 1811.31 604.968 27 0.585942 
1813.89 1953.3 1837.23 1970.51 27 0.930113 
1453.18 1020.96 1476.87 1043.92 27 0.435737 
1462.19 1035.93 1486.19 1053.87 27 0.387303 
1614.82 1637.03 1630.44 1660.98 27 0.907054 
1750.47 1053.71 1767.34 1076.43 27 0.961801 
1669.83 1566.21 1686.04 1589.33 27 0.956036 
2629.11 974.634 2675.26 1001.81 27 0.92685 
2589.75 1437.03 2625.26 1490.33 27 0.563453 
1540.72 1033.52 1553.4 1049.52 27 0.995755 
2858.36 2246.4 2897.37 2265.84 27 0.614389 
1548.33 1029.73 1561.15 1045.85 27 0.99781 
2819.87 2907.58 2841.35 2927.99 27 0.321253 
1992.43 2582.94 2023.92 2604.89 27 0.557018 
1551.99 1025.8 1569.91 1044.8 27 0.997418 
1799.46 2013.17 1821.74 2028.35 27 0.958656 
1747.65 1964.66 1772.78 1980.4 27 0.995571 
1581.06 2783.36 1606.89 2805.98 27 0.71508 
1707.89 2730.85 1732.83 2756.26 27 0.363908 
658.354 562.139 675.789 585.575 27 0.313814 
668.744 556.19 685.687 578.382 27 0.496043 
1612.9 2795.22 1632.3 2834.77 27 0.428133 
1599.6 1193.76 1629.07 1217.98 27 0.416188 
1347.51 2674.73 1379.36 2702.2 27 0.452009 
2832.28 2103.11 2855.33 2119.4 27 0.754677 
1807.43 2604.33 1824.28 2615.08 27 0.41684 
3054.5 2729.44 3074.34 2746.11 27 0.744325 
1406.7 2883.81 1429.66 2903.73 27 0.621106 
3050.92 2711.8 3084.34 2753.42 27 0.383294 
1650.84 1477.86 1661.59 1496.12 27 0.328466 
1764.73 1963.29 1787.39 1982 27 0.99115 
2628.47 983.924 2672.64 1021.95 27 0.538342 
1366.6 887.759 1394.43 913.647 72 0.964164 
795.135 688.061 831.393 726.245 72 0.548786 
2764.72 2256.93 2793.53 2279.25 72 0.760891 
1142.54 2538.48 1169.74 2563.43 72 0.668525 
1952.38 2364.61 1976.61 2393.28 72 0.413973 
1411.92 1488.82 1430.33 1508.18 72 0.816524 
1707.38 2063.97 1800.22 2192.87 72 0.594395 
805.738 671.558 824.052 694.547 72 0.891318 
1180.56 2451.52 1214.13 2496.52 72 0.519371 
171.193 524.939 201.292 550.764 72 0.573583 
1914.62 2375.25 1939.49 2401.76 72 0.775204 
2775.71 2210.76 2805.42 2232.62 72 0.729393 
1605.95 1298.33 1631.87 1333.52 72 0.623599 
2983.54 1029.5 3009 1053.79 72 0.888053 
668.777 557.683 685.788 580.714 72 0.439389 
358.45 2015.2 371.465 2026.91 72 0.70528 
1479.46 1675.53 1498.12 1693.77 72 0.940561 
1493.86 1043.89 1580.29 1137.6 72 0.651798 
1407.29 1559.12 1418.7 1573.93 72 0.44322 
1601.18 1193.79 1624.65 1217.79 72 0.476111 
705.327 510.053 721.796 532.366 72 0.89713 
2557.56 2289.75 2583.99 2311.73 72 0.669336 
299.356 740.358 323.71 765.872 72 0.794919 
1661.97 1379.95 1674.26 1394.03 72 0.990673 
1478.71 1652.2 1500.5 1669.91 72 0.974066 
1669.66 1302.07 1693.91 1325.42 72 0.737157 
300.924 2015.57 314.822 2028.86 72 0.888912 
1553.82 1707.82 1614.31 1800.98 72 0.359838 
3079.85 949.611 3093.08 993.081 72 0.456049 
434.779 2056.24 464.245 2083.51 72 0.42745 
1350.84 874.734 1376.36 902.669 72 0.547838 
19.1499 729.525 48.9658 752.427 72 0.667736 
283.062 2037.41 294.688 2051.72 72 0.781843 
245.839 2006.9 274.212 2026.57 72 0.98139 
233.363 2009.02 248.953 2020.83 72 0.894112 
1526.46 1114.29 1615.41 1199.6 72 0.51158 
1097.24 2207.21 1107.46 2218.97 72 0.858349 
1648.93 1476.14 1664.02 1497.75 72 0.354509 
1361.34 857.229 1380.77 877.166 72 0.946058 
1680.26 1306.52 1698.58 1325.54 72 0.703764 
1.88476 2243.37 49.5303 2314.53 72 0.458846 
2585.19 2476.08 2663.73 2524.49 72 0.728988 
2760.97 2793 2786.68 2815.11 72 0.501226 
2801.48 2234.91 2825.63 2273.55 72 0.594184 
1462.49 1640.55 1511.31 1701.62 72 0.579838 
19.2591 698.347 55.8819 720.422 72 0.55977 
1645.52 1430.4 1656.32 1447.73 72 0.895177 
1470.21 1645.47 1501.9 1681.48 72 0.889751 
924.007 2832.66 942.96 2850.48 72 0.74088 
3024.79 910.21 3075.29 973.086 72 0.32723 
174.066 518.627 197.258 534.736 72 0.721361 
1997.57 929.397 2043.37 948.953 72 0.553207 
2348.2 938.204 2393.44 957.951 32 0.999062 
2249.97 939.265 2292.08 959.657 32 0.998559 
1774.67 1939.4 1807.31 1960.33 32 0.70647 
1557.48 1039.28 1592.29 1088.43 32 0.57659 
20.6681 144.234 55.6219 165.554 19 0.632818 
212.221 133.625 229.523 144.186 19 0.61319 
134.46 2011.36 143.546 2025.01 19 0.529237 
2571.46 2334.89 2587.36 2345.16 19 0.74632 
476.647 189.198 488.412 205.334 19 0.487988 
2916.21 2301.04 2925.89 2316.99 19 0.72477 
197.173 2260.4 206.242 2271.78 19 0.367318 
472.986 90.1198 489.689 100.693 19 0.378005 
1805.67 1363.51 1829.32 1378.17 19 0.906044 
99.3151 2555.73 126.799 2590.27 19 0.298873 
1801.04 2714.93 1831.79 2738.25 19 0.564814 
2799.29 2144.48 2819.39 2183.84 19 0.502247 
0 1878.53 12.0701 1926.81 19 0.338353 
1606.63 1249.04 1642.8 1328.21 71 0.424968 
1725.03 1477.78 1795.11 1518.14 71 0.546225 
94.2819 809.305 123.046 836.529 71 0.438682 
1614.46 1251.05 1634.68 1268.49 71 0.601757 
2999.69 2162.28 3019.03 2182.26 71 0.542549 
458.182 267.133 476.367 284.53 71 0.38627 
239.072 2065.77 258.34 2088.53 71 0.422905 
192.751 2177.19 219.348 2203.88 71 0.516797 
3009.86 2164.64 3020.79 2179.55 71 0.684311 
1873.67 1430.23 1903.1 1461.33 86 0.999486 
2673.47 2833.61 2704.97 2862.4 86 0.999795 
1875.28 1402.57 1904.92 1432.3 86 0.992546 
2333.48 2585.5 2426.65 2683.84 86 0.999741 
2498.64 2599.93 2590.23 2692.09 86 0.999629 
2405.02 2663.1 2491.28 2761.99 86 0.999594 
1484.76 1569.18 1508.74 1592.31 86 0.99904 
2648.84 2752.52 2729.03 2830.2 86 0.999585 
2267.42 2664.54 2355.29 2745.48 86 0.999522 
2383.84 2781.9 2437.01 2847.35 86 0.999534 
1529.28 1571.36 1554.16 1592.77 86 0.999213 
1463.36 1565.89 1483.69 1584.52 86 0.992928 
1872.35 1347.47 1899.68 1382.22 86 0.990182 
2685.86 2861 2775.26 2929.97 86 0.99944 
2378.42 2834.39 2457.09 2906.63 86 0.999378 
2221.95 2735.59 2272.21 2795.78 86 0.999424 
1555.49 1577.65 1575.59 1595.58 86 0.997706 
2136.74 2783.22 2216.28 2846.28 86 0.999336 
2410.55 2538.99 2503.59 2628.58 86 0.999239 
2481.24 2767.85 2558.73 2842.42 86 0.9993 
1482.02 1552.86 1507.4 1576.62 86 0.969731 
2326.7 2819.72 2383.48 2890 86 0.999116 
1507.61 1569.52 1530.8 1591.94 86 0.998561 
2600.63 2832.21 2683.65 2906.39 86 0.998936 
1543.82 1602.24 1559.68 1613.2 86 0.919964 
2203.54 2615.66 2278.92 2674.39 86 0.495218 
1462.43 1551.32 1488.42 1575.71 86 0.980236 
1480.9 1586.4 1500.54 1602.9 86 0.993993 
810.665 254.18 894.516 327.972 86 0.64108 
2262.51 2852.76 2340.43 2929.67 86 0.998314 
1470.69 1565.77 1498.71 1597.29 86 0.997141 
1467 1582.87 1486.84 1602.01 86 0.877712 
2234.74 2907.88 2279.02 2930.2 86 0.995949 
1886.49 1353.51 1907.1 1394.38 86 0.986035 
113.898 2342.32 136.045 2358.8 86 0.544383 
588.08 360.523 603.377 370.112 86 0.477917 
584.098 494.612 605.453 515.197 86 0.966626 
1550.52 1385.84 1587.6 1418.65 86 0.447824 
1494.99 1595.2 1515.34 1611.56 86 0.983116 
1504.88 1580.44 1528.52 1603.18 86 0.995442 
2095.01 2624.61 2121.17 2653.33 86 0.856587 
1461.39 1549.14 1468.93 1569.48 86 0.960777 
2704.13 2707.16 2763.1 2778.82 86 0.441788 
1462.57 1527.73 1578.82 1617.42 86 0.792274 
1505.24 1554.4 1529.38 1576.6 86 0.980662 
1526.4 1561.69 1551.32 1584.31 86 0.992587 
1559.51 1593.48 1580.17 1613.48 86 0.991893 
1454.38 1573.74 1479.14 1601.19 86 0.954035 
1564.37 1544.48 1591.94 1578.2 86 0.568538 
1461.08 1587.88 1467.89 1603.95 86 0.893856 
3060.14 2281.65 3068.86 2294.21 23 0.545417 
146.677 133.545 163.708 144.367 23 0.507447 
2921.44 2253.84 2931.82 2268.57 23 0.358294 
2954.9 1506.42 2970.73 1529.13 23 0.701456 
357.028 124.562 367.493 138.612 23 0.347601 
1579.3 2136.17 1593.66 2147.2 23 0.676933 
157.588 2195.4 174.108 2215.81 23 0.405235 
2674.02 1394.26 2682.5 1405.22 23 0.508756 
738.234 38.6184 754.932 49.811 23 0.529013 
2561.7 2261.23 2572.47 2277.63 23 0.600258 
1609.04 2201.29 1620.49 2216.28 23 0.788876 
725.285 354.291 736.08 371.164 23 0.370686 
412.399 266.187 434.933 290.72 23 0.55201 
804.253 2864.02 833.069 2897.39 23 0.447435 
1670.79 1892.01 1689.92 1903.27 23 0.764077 
1746.59 2818.08 1786.95 2868.2 23 0.656858 
1317.8 2513.04 1347.42 2537.07 23 0.638321 
1535.7 2547.9 1605.02 2624.49 23 0.611696 
1018.51 505.485 1039.31 525.91 23 0.901762 
1765.33 1049.87 1773.61 1060.75 23 0.420662 
1567.08 2109.55 1578.2 2124.08 23 0.712789 
2768.07 2349.82 2793.51 2364.53 23 0.869732 
2913.34 1559.41 2926.7 1568.49 23 0.729087 
10.3639 1414.03 26.3724 1436.54 23 0.392546 
1969.95 2055 1979.28 2066.94 23 0.311772 
473.358 91.3063 489.252 102.129 23 0.321577 
2929.01 2253.2 2939.86 2269.61 23 0.594035 
648.347 437.537 657.723 450.628 23 0.583516 
1751.36 2892.23 1793.2 2931.02 23 0.547232 
1778.19 623.872 1795.34 645.015 23 0.761078 
97.5281 141.672 106.815 149.634 23 0.531074 
859.329 2864.01 884.535 2898.99 23 0.650633 
3031.25 787.039 3053.5 808.231 23 0.455213 
1602.18 2194.04 1612.64 2205.59 23 0.700098 
1644.09 2647.93 1680.43 2690.1 23 0.528777 
3070.79 913.109 3091.31 956.183 23 0.473524 
1698.3 2439.15 1716.14 2460.2 23 0.804427 
59.6738 2512.57 72.4501 2522.5 23 0.341816 
3015.09 2038.69 3035 2053.52 23 0.353712 
2715.37 1964.54 2732.71 1975.57 23 0.450817 
673.319 544.901 689.909 556.357 23 0.454804 
1801.6 2903.11 1834.29 2930.19 23 0.376159 
917.073 403.049 932.651 416.397 23 0.37686 
2894.46 2300.7 2910.77 2311.96 23 0.387027 
1350.69 2673.97 1377.09 2704.74 23 0.840634 
2139.18 2434.41 2232.61 2491.98 23 0.417327 
2374.76 738.627 2415.51 758.628 23 0.396389 
2162.75 2470.56 2191.24 2489.91 23 0.658491 
76.2296 2484.74 89.6151 2495.71 23 0.347514 
1432.97 1003.64 1450.02 1023.57 23 0.507557 
1708.16 1340.28 1731.58 1355.84 23 0.52542 
947.785 389.745 958.312 401.649 23 0.418761 
1566.33 2875.3 1585.61 2897.72 23 0.77086 
1166.59 2826.76 1189.33 2849.27 23 0.44969 
2592.98 1490.03 2613.12 1519.02 23 0.3632 
1353.31 878.088 1372.91 901.288 23 0.350643 
1561.18 2562.68 1635.08 2630.9 23 0.44632 
2860.49 1408.98 2881.69 1430.61 23 0.458247 
1505.74 1947.85 1532.16 1983.59 23 0.756081 
1586.98 2864.05 1605.64 2882.79 23 0.676434 
657.155 439.008 665.35 449.687 23 0.363544 
2613.43 1402.5 2622.83 1421.97 23 0.794467 
1782.43 1349.68 1803.6 1365.84 23 0.628144 
97.1947 2556.91 123.695 2590.16 23 0.494608 
1598.69 1939.55 1611.93 1949.22 23 0.38113 
2433.69 1703.82 2453.25 1746.79 23 0.406521 
2977.61 1538.01 2989.06 1552.76 23 0.318573 
456.874 74.956 472.734 86.1292 23 0.315402 
62.2294 2503.77 72.5276 2514.54 23 0.426826 
1603.23 2195.77 1623.95 2218.12 23 0.862584 
136.286 170.005 149.246 180.158 23 0.304616 
1694 2441.54 1704.59 2456.6 23 0.560141 
1633.53 2187.92 1667.57 2241.95 28 0.990223 
1922.68 2115.75 1977.69 2143.98 28 0.908162 
1807.54 2267.8 1844.04 2308.25 28 0.552221 
1319.36 2512.91 1344.82 2534.6 60 0.630386 
1163.83 2824.01 1190.61 2853.91 60 0.749261 
1986.23 2539.52 2011.68 2560.2 60 0.99918 
1960.66 2515.76 1990.47 2533.87 60 0.998262 
1952.83 2532.02 1977.49 2556.09 60 0.99768 
414.936 266.653 431.01 288.83 60 0.467508 
1988.68 2525.55 2016.01 2547.16 60 0.998742 
1456.61 1223.82 1467.42 1234.72 60 0.765373 
2819.32 2906.78 2841.46 2928.43 60 0.381445 
557.925 203.764 571.776 214.316 60 0.484427 
560.251 213.194 573.887 223.513 60 0.660888 
1591.73 251.206 1621.68 271.804 41 0.997918 
1711.73 57.1888 1730.77 79.4833 41 0.938006 
803.535 2868.22 834.563 2895.07 41 0.818167 
799.178 2904.46 830.446 2929.26 41 0.6444 
809.446 2920.17 829.078 2930.8 41 0.303358 
2757.07 2056.25 2766.49 2070.77 21 0.965803 
255.438 663.154 264.68 676.301 21 0.39268 
3003.73 2289.57 3012.84 2302.54 21 0.506472 
914.413 456.794 929.207 466.592 21 0.89547 
2797.75 2043.7 2806.07 2055.4 21 0.925728 
1873.48 1239.92 1889.45 1250.24 21 0.614061 
796.807 283.408 806.196 296.225 21 0.458677 
2902.12 2033.68 2912.45 2048.89 21 0.774699 
1495.58 2783.72 1505.91 2800.06 21 0.885416 
3016.17 2049.08 3032.41 2059.59 21 0.428184 
2593.32 2112.75 2609.55 2123.14 21 0.942021 
2770.72 2028.7 2787.35 2038.77 21 0.979073 
2689.6 2057.63 2699.33 2071.4 21 0.931118 
2641.75 2071.65 2650.8 2086.4 21 0.85706 
2970.78 2282.8 2985.36 2293.1 21 0.404057 
3015.75 2040.89 3033.48 2051.72 21 0.319557 
2910.86 2331.94 2927.66 2343.5 21 0.950286 
2697.74 2056.87 2707.77 2072.14 21 0.983651 
2653.4 2062.39 2663.9 2077.51 21 0.695125 
2788.04 2048.16 2798.44 2064.05 21 0.995714 
65.2767 1698.76 74.841 1712.22 21 0.837997 
563.426 48.9638 580.161 60.5196 21 0.423139 
2774.63 2089.45 2792.33 2100.46 21 0.94481 
844.766 0 859.828 6.52672 21 0.476663 
264.414 2872.18 273.773 2884.02 21 0.437741 
9.93821 1534.73 18.6418 1546.75 21 0.393006 
2612.78 2096.46 2622.53 2109.71 21 0.976045 
2875.83 2036.46 2886.34 2052.54 21 0.885163 
2924.78 2010.63 2934.4 2022.88 21 0.615289 
2865.13 2038.15 2874.67 2052.74 21 0.608784 
2941.98 2014.98 2958.93 2026.23 21 0.955821 
2731.82 2054.84 2743.08 2069.72 21 0.988991 
75.6971 1847.76 86.1986 1863.18 21 0.549396 
3014.77 2142.77 3024.9 2156.35 21 0.584615 
2973.89 2032 2984.9 2046.23 21 0.767821 
3034.81 784.944 3050.76 808.504 21 0.49188 
71.3067 1733.07 82.3798 1748.66 21 0.792192 
2946.87 2048.57 2961.97 2058.78 21 0.774341 
2952.73 2029.6 2963.31 2042.75 21 0.809519 
2840.66 2089.02 2851.49 2102.52 21 0.986015 
2573.11 2120.31 2584.37 2132.06 21 0.658088 
185.774 457.088 200.51 468.388 21 0.516293 
2700.27 2074.37 2710.94 2089.81 21 0.991943 
2056.43 2326.94 2067.27 2340.29 21 0.632095 
429.835 233.937 446.09 252.742 21 0.830812 
903.876 462.39 917.927 472.938 21 0.906635 
1143.63 156.249 1154.47 170.315 21 0.58779 
2766.87 2052.57 2777.75 2068.57 21 0.987504 
2891.14 2021.71 2902 2037.73 21 0.947102 
2762.3 2099.45 2770.78 2111.42 21 0.642064 
841.352 21.7491 857.163 33.2283 21 0.614759 
2852.52 2035.62 2863.14 2052.45 21 0.936845 
204.352 2293.44 214.328 2310.23 21 0.628516 
214.21 741.46 230.251 752.636 21 0.66572 
32.7375 437.03 49.9063 448.522 21 0.489087 
134.993 2067.1 150.79 2087.23 21 0.947084 
1851.06 1238.05 1867.7 1249.67 21 0.824059 
2678.09 2076.48 2689.71 2093.9 21 0.994703 
956.53 3.57685 971.691 15.664 21 0.378378 
2757.21 2009.78 2775.59 2020.9 21 0.976478 
2794.44 2396.7 2805.3 2411.76 21 0.568728 
875.347 15.6418 892.125 28.0911 21 0.855363 
3010.67 2092.17 3027.61 2103.92 21 0.697948 
857.914 19.2813 873.038 31.445 21 0.752632 
2748.1 2042.82 2763.35 2062.64 21 0.916876 
1155.13 163.756 1171.11 183.013 21 0.953126 
990.266 0.84916 999.004 8.82545 21 0.3154 
2662.67 2080 2673.9 2094.41 21 0.989692 
2084.23 2520.78 2095.11 2538.19 21 0.987053 
2737.4 2069.57 2748.81 2085.05 21 0.993253 
175.896 2282.6 186.134 2297.7 21 0.855437 
2642.19 2092.32 2653.18 2108.09 21 0.957153 
2841.78 2036.75 2851.57 2051.02 21 0.917424 
864.802 424.536 875.217 437.017 21 0.683277 
67.3621 1799.66 78.2682 1815.01 21 0.732076 
2815.54 2039.16 2830.38 2060.72 21 0.99838 
2732.98 2037.03 2744.23 2052.55 21 0.989048 
2684.24 2033.83 2695.98 2050.11 21 0.979138 
2794.63 2087.16 2812.45 2105.45 21 0.989062 
824.74 427.562 842.14 444.46 21 0.95513 
2096.16 2520.06 2111.71 2539.74 21 0.989034 
2637.88 2072.82 2646.82 2087.83 21 0.993309 
2630.88 2076.41 2641.35 2091.58 21 0.992201 
2145.57 2690.6 2156.75 2702.3 21 0.76856 
1599.15 1939.81 1612.72 1950.97 21 0.529123 
2116.55 2523.59 2132.57 2533.86 21 0.630914 
2736.56 2017.34 2747.45 2028.6 21 0.931242 
1604.6 1882.36 1617.71 1893.69 21 0.415383 
1900.67 1244.46 1916.39 1254.34 21 0.677038 
2549.86 2274.47 2560.7 2290.32 21 0.321528 
986.419 0 995.234 8.5869 21 0.33524 
157.717 2195.17 175.516 2216.77 21 0.388182 
812.458 289.334 821.53 300.933 21 0.370372 
1577.63 2133.55 1595.82 2149.57 21 0.432078 
42.2373 1727.63 57.0721 1746.07 21 0.542549 
1861.28 1434.46 1869.38 1446.68 21 0.336867 
2971.27 2292.18 2987.03 2309.09 21 0.485351 
585.439 53.2352 603.868 68.5216 21 0.434515 
913.846 63.8131 924.241 79.012 21 0.470769 
2842.97 2224.39 2850.98 2232.45 21 0.401728 
1129.58 189.131 1145.33 206.754 21 0.588965 
1247.62 1.43557 1258.09 10.2201 40 0.357666 
1273.13 13.1752 1310.64 48.0463 40 0.703045 
1605.56 1250.47 1631.48 1333.11 51 0.521023 
2572.85 2274.76 2581.99 2286.9 17 0.362312 
2980.85 1515.29 2991.27 1530.28 17 0.506942 
867.163 2912.94 882.432 2926.05 17 0.726145 
2516.54 1857.5 2527.41 1873.48 17 0.499761 
2838.87 2298.01 2848.11 2305.94 17 0.539456 
2485.97 2363.24 2494.86 2371.72 17 0.726983 
1575.53 1632.01 1583.4 1640.94 17 0.634439 
3083.67 1981.76 3092.65 1994.4 17 0.354445 
1003.03 2823.76 1020.6 2841.56 17 0.7136 
1678.54 1962.09 1687.09 1972.96 17 0.464355 
3040.16 1513.91 3053.04 1522.28 17 0.479992 
393.624 2100.66 403.156 2110.32 17 0.507643 
653.235 378.463 660.89 385.882 17 0.491206 
3010.76 1515.55 3020.29 1526.57 17 0.414293 
1549.15 140.687 1598.73 166.042 50 0.996869 
1614.36 2792.13 1667.38 2859.15 34 0.982132 
1.58295 2475.43 80.1038 2571.36 77 0.639769 
2823.44 2734.66 2935.51 2836.72 77 0.502192 
1012.69 145.948 1114.41 256.718 77 0.55146 
8.72166 565.675 94.6013 642.412 77 0.638559 
556.419 459.653 669.954 571.939 77 0.532682 
614.591 79.9018 720.909 215.714 77 0.701947 
625.462 208.85 769.638 319.999 77 0.781376 
0 2552.64 74.9907 2724.71 77 0.975692 
2844.42 2776.51 2942.74 2872.41 77 0.760383 
523.46 101.996 636.078 225.932 77 0.805146 
1602.58 2250 1723.97 2374.34 77 0.530941 
48.5304 2477.44 114.069 2565.5 77 0.60989 
3078.16 944.904 3093.17 989.175 61 0.862568 
395.135 423.884 445.781 489.74 61 0.638673 
1550.04 1713.33 1619.94 1796.06 76 0.731515 
1414.78 1458.08 1522.57 1543.3 76 0.753378 
1535.87 1463.91 1593.69 1523.75 76 0.993201 
1374.88 1468.36 1403.18 1503.41 76 0.87064 
180.111 2081.14 287.083 2171.38 76 0.884381 
1543.66 1381.79 1597.43 1451.2 76 0.91399 
1204.26 2165.13 1215.26 2181.83 76 0.68765 
1462.1 1641.12 1506.1 1701.92 76 0.6165 
1460.73 1463.67 1513.16 1532.61 76 0.753243 
2745.12 2566.14 2854.36 2647.89 76 0.527469 
1327.18 1544.66 1433.16 1615.65 76 0.973729 
1685.74 941.227 1755.13 1034.99 76 0.705964 
41.4767 2315.7 80.1691 2355.22 76 0.619016 
1210.16 2547.67 1249.16 2585.74 76 0.965302 
1562.81 1641.69 1620.74 1715.99 76 0.636567 
268.787 2048.27 339.092 2121.97 76 0.647189 
1471.37 1378.21 1531.22 1438.06 76 0.62845 
1080.37 2489.44 1151.76 2555.15 76 0.541192 
0 2294.94 11.6163 2345.23 76 0.406598 
345.314 197.014 431.291 273.496 76 0.549316 
7.35011 349.86 88.1272 431.589 76 0.613842 
3008.9 704.295 3056.29 792.672 76 0.786882 
18.0775 2299.4 89.204 2374.46 76 0.805346 
1688.26 1232.87 1725.5 1272.28 73 0.998471 
1763.07 2358.16 1880.48 2440.47 73 0.995003 
1607.04 2264.61 1720.33 2359.12 73 0.942665 
1576.89 2261.8 1614.62 2294.51 73 0.997972 
1665.86 1892.27 1718.18 1939.27 73 0.995911 
373.545 259.83 417.15 298.214 73 0.995849 
1871.07 1492.08 1902.03 1520.55 73 0.998971 
1788.51 1475.15 1880.56 1523.93 73 0.966068 
1535.74 1961.59 1630.58 2073.28 73 0.448151 
60.7969 182.013 162.256 299.257 73 0.951443 
3001.52 1457.75 3036.05 1514.37 73 0.714741 
1575.22 1204.99 1609.76 1231.82 73 0.892494 
2800.18 2113.79 2898.09 2230.27 73 0.859583 
2797.46 2236.21 2825.77 2271.79 73 0.685637 
1505.71 1860.76 1622.52 1994.11 73 0.934984 
251.754 476.104 346.125 575.977 73 0.964708 
1684.4 1477.59 1724.36 1504.68 73 0.708873 
2925.85 1040.38 2967.53 1062.82 73 0.361236 
1193.01 2563.08 1218.71 2589.54 73 0.594676 
1544.41 1407.02 1590.94 1453.08 73 0.825802 
1514.55 1111.86 1622.84 1202.8 73 0.914496 
1552.31 2262.42 1579.8 2289.92 73 0.998221 
64.808 2333.32 156.973 2427.8 73 0.803089 
1461.35 2787.57 1589.65 2914.18 73 0.960986 
301.705 298.708 376.533 390.229 73 0.995808 
233.32 2064.84 258.352 2088.97 73 0.489346 
261.982 393.531 346.179 488.324 73 0.971047 
250.883 2075.47 279.06 2100.56 73 0.880726 
1080.23 2698.71 1113.58 2727.49 73 0.887788 
3010.15 1511.72 3059.19 1581.52 73 0.977737 
1705.93 2209.13 1828.82 2301.75 73 0.987904 
1427.86 964.26 1461.39 996.602 73 0.524138 
349.325 261.507 382.497 286.16 73 0.998306 
793.585 688.746 833.353 726.294 73 0.621258 
877.732 59.9129 901.23 87.2886 73 0.838666 
2770.46 2181.65 2795.47 2216.65 73 0.981972 
1707.55 1257.11 1785.3 1306.65 73 0.993424 
1498.45 1045.09 1574.82 1136.86 73 0.530515 
1559.33 1707.08 1608.34 1794.88 73 0.508789 
318.582 2220.76 365.971 2278.88 73 0.986201 
1814.11 1295.28 1917.81 1357.26 73 0.930323 
289.773 2021.47 333.536 2064.81 73 0.889605 
2746.61 2572.25 2855.35 2643.06 73 0.471414 
1079.4 2497.87 1153.28 2541.05 73 0.984163 
972.46 2680.06 1004.01 2713.08 73 0.509876 
1463.38 1905.27 1512.9 1994.14 73 0.947132 
150.25 540.54 182.294 572.101 73 0.976655 
2944.68 2180.06 2974.53 2201.73 73 0.952615 
374.306 567.453 400.569 598.318 73 0.997133 
2854.47 1020.78 2877.47 1040.37 73 0.654333 
1666.87 1302.38 1694.75 1324.83 73 0.954084 
1664.32 1320.47 1709.16 1356.47 73 0.997235 
2739.29 2118.07 2813.91 2193.05 73 0.996874 
1494.78 1835.89 1550.81 1907.55 73 0.981496 
1448.09 2021.99 1533.02 2091.09 73 0.993678 
39.4526 2159.67 138.441 2278.19 73 0.936761 
398.393 434.754 443.695 478.351 73 0.530379 
1093.84 2607.36 1111.75 2627.56 73 0.964649 
407.349 740.835 427.55 758.621 73 0.958884 
379.48 447.366 489.875 600.386 73 0.990434 
637 369.146 723.469 451.839 73 0.97189 
2184.06 2651.24 2205.03 2670.13 73 0.959966 
881.289 291.028 982.847 405.297 73 0.985111 
10.2726 2041.78 95.5358 2128.44 73 0.924748 
1620.37 2248.35 1656.97 2288.56 73 0.99472 
929.784 34.9218 1043.53 151.176 73 0.826794 
1483.1 1384.37 1524.35 1428.26 73 0.884677 
224.195 753.176 247.581 779.407 73 0.635426 
1.29142 314.005 93.2967 424.17 73 0.915547 
1800.7 1239.04 1928.31 1344.75 73 0.972626 
290.662 2154.21 341.839 2187.82 73 0.983921 
369.887 557.774 390.089 576.449 73 0.972962 
2946.34 2189.27 3004.4 2244.08 73 0.994495 
1712.65 1477.06 1805.99 1520.94 73 0.466225 
2131.05 1529.12 2177.71 1561.82 73 0.502358 
0.085701 652.425 73.6515 716.874 73 0.958915 
108.533 669.393 236.779 757.219 73 0.656473 
2818.32 2244.73 2849.41 2270.13 73 0.940839 
1057.79 136.273 1127 179.527 73 0.965771 
2110.36 2589.47 2193.59 2672.51 73 0.941658 
332.264 2130.77 394.311 2216.95 73 0.951317 
857.423 190.629 957.473 298.995 73 0.954774 
7.88603 562.676 94.1704 645.566 73 0.741876 
580.104 406.013 656.295 452.974 73 0.992772 
948.919 273.684 1040.92 359.586 73 0.982294 
898.898 158.764 939.3 183.124 73 0.961503 
1447.42 1641.95 1504.82 1699.48 73 0.787991 
2204.37 2620.04 2278.48 2671.31 73 0.632627 
1713.62 1296.53 1750.14 1332.62 73 0.995108 
924.118 213.619 944.236 230.882 73 0.616631 
266.301 573.18 364.651 683.381 73 0.871241 
618.827 327.8 703.737 387.302 73 0.935843 
1600.62 1196.06 1620 1215.86 73 0.381649 
1679.79 1352 1858.09 1477.2 73 0.9191 
1956.49 2785.4 2059.29 2872.62 73 0.982464 
370.601 522.871 395.514 561.709 73 0.994466 
1393.69 1881.33 1459.83 1985.65 73 0.561391 
2737.27 2755.7 2769.39 2782.33 73 0.982208 
153.316 301.726 172.404 318.815 73 0.517151 
1087.4 5.97551 1176.09 101.313 73 0.917244 
2111.56 2686.86 2166.13 2747.87 73 0.991843 
1789.51 2433.21 1823.02 2461.54 73 0.97645 
90.6647 383.45 109.761 405.633 73 0.971781 
1771.35 1240.47 1830.72 1310.42 73 0.992406 
2822.05 2732.75 2932.86 2823.32 73 0.968518 
217.688 153.297 316.962 219.982 73 0.900633 
180.472 2086.11 289.51 2170.53 73 0.837055 
268.725 587.305 287.931 608.234 73 0.974534 
1143.44 2541.73 1166.93 2560.47 73 0.614315 
87.2647 740.855 173.41 787.481 73 0.921183 
1048.92 2881.76 1089.01 2920.65 73 0.971817 
1605.82 1298.75 1631.83 1329.96 73 0.607851 
276.26 2054.96 326.61 2116.54 73 0.875392 
37.4102 2344.28 69.756 2367.72 73 0.858626 
76.4228 2324.76 110.458 2349.48 73 0.99166 
201.039 2249.07 272.675 2309.81 73 0.804334 
310.703 2137.21 342.041 2160.51 73 0.534837 
223.026 389.72 278.968 448.891 73 0.997597 
2630.16 2188.43 2686.22 2244.47 73 0.990398 
2115.15 2560.88 2179.19 2585.85 73 0.975 
3027.79 913.408 3078.57 967.381 73 0.675605 
1097.13 2565.42 1213.89 2679.01 73 0.97611 
619.585 199.462 779.858 320.574 73 0.825008 
1911.17 1172.71 1949.48 1198.11 73 0.766743 
1686.47 1025.73 1705.59 1044.2 73 0.686556 
137.978 343.301 177.943 399.289 73 0.963427 
295.89 357.439 314.648 375.288 73 0.937429 
2214.09 2594.39 2240.73 2629.69 73 0.916465 
340.909 2034.13 380.186 2063.44 73 0.495649 
292.997 2124.72 329.303 2157.4 73 0.873662 
76.5056 284.819 167.272 374.868 73 0.967843 
590.093 219.498 617.314 253.937 73 0.979225 
1067.41 2850.64 1135.82 2914.08 73 0.848206 
2022.16 2600.71 2041.79 2617.4 73 0.922295 
26.887 456.985 52.9626 481.738 73 0.971088 
2887.97 2813.07 3002.87 2914.09 73 0.983048 
813.046 330.392 907.09 428.991 73 0.98069 
2812.6 2434.57 2949.92 2540.7 73 0.979044 
44.164 736.779 75.9533 756.576 73 0.797559 
481.084 227.519 521.047 276.012 73 0.792036 
271.773 2200.26 329.168 2260.26 73 0.994847 
1703.23 1038.97 1750.65 1070.23 73 0.867908 
1409.04 1456.7 1525.69 1539.86 73 0.661465 
524.962 96.1536 633.514 216.587 73 0.591683 
1433.62 1891.45 1451.74 1910.16 73 0.601983 
362.17 0 477.528 53.9466 73 0.934794 
2557.28 2289.48 2585.23 2313.3 73 0.818202 
524.405 142.461 550.606 164.663 73 0.804953 
118.798 0.0154629 156.726 26.4519 73 0.794747 
2852.15 2796.74 2940.63 2879.09 73 0.830266 
0.0680599 2140.72 55.8978 2223.34 73 0.739554 
1763.64 1299.24 1788.72 1309.25 73 0.356704 
1643.83 1429.33 1659.14 1451.67 73 0.4925 
1.2275 2243.34 43.3779 2314.38 73 0.57267 
2117.7 2575.47 2173.87 2603.54 73 0.988358 
92.6173 814.245 124.962 837.057 73 0.4015 
197.375 2184.16 269.51 2261.52 73 0.97576 
566.803 548.864 679.206 649.325 73 0.878142 
0 2191.2 42.1571 2252.33 73 0.847888 
339.049 2266.84 367.849 2299.5 73 0.828833 
2622.15 2142.31 2664.53 2179.52 73 0.843062 
313.215 2079.34 378.456 2130.87 73 0.973105 
2969.09 2231.38 2988.58 2247.86 73 0.531077 
1479.73 1411.86 1498.7 1430.23 73 0.94057 
1012.51 2904.67 1057.77 2929.31 73 0.861937 
1813.26 1245.36 1873.19 1308.39 73 0.994922 
1467.23 2050.93 1626.21 2293.86 73 0.964324 
2899.22 2558.48 3004.56 2672.2 73 0.949738 
2999.13 2158.98 3022.89 2183.23 73 0.377515 
246.604 792.673 257.589 805.304 73 0.617249 
295.6 2111.56 332.67 2138.02 73 0.987856 
2050.86 2734.52 2123.3 2817.61 73 0.682682 
284.847 2141.71 304.137 2161.86 73 0.992188 
1896.52 2858.85 1949.68 2916.09 73 0.799437 
1563.26 1646.36 1620.5 1713.85 73 0.858392 
177.752 35.2751 228.157 67.7531 73 0.958547 
1713.03 2068.06 1798.96 2186.52 73 0.467214 
48.0073 450.672 83.3154 474.318 73 0.991808 
637.973 89.8965 683.552 123.85 73 0.988244 
439.34 2058.09 458.804 2082.02 73 0.758599 
13.3278 459.981 30.6054 480.757 73 0.962646 
512.119 380.29 533.256 399.404 73 0.949583 
2894.83 2193.11 2950.42 2253.53 73 0.993636 
2759.58 2789.88 2785 2813.95 73 0.896225 
812.535 383.826 859.004 438.973 73 0.987956 
114.437 559.207 197.022 630.819 73 0.935778 
2766.51 2258.61 2790.94 2278.34 73 0.514457 
1335.14 1546.88 1432.29 1666.63 73 0.46595 
29.1126 470.805 54.4459 501.196 73 0.932972 
415.276 180.951 454.101 224.844 73 0.992688 
69.4221 710.493 164.519 768.434 73 0.927419 
2629.46 2147 2780.58 2299.34 73 0.830602 
192.073 162.752 245.514 245.959 73 0.98368 
621.507 475.451 661.64 511.695 73 0.972838 
241.357 2094.02 261.997 2114.11 73 0.977344 
514.119 267.335 562.299 335.382 73 0.912623 
1042.39 140.779 1064.67 160.783 73 0.958378 
516.002 372.122 611.246 437.414 73 0.984685 
2708.91 2713.02 2756.41 2762.11 73 0.946946 
347.345 2225.54 379.346 2269.17 73 0.965146 
1565.92 1542.48 1592.86 1576.32 73 0.670938 
2096.74 2629.39 2118.72 2647.79 73 0.616246 
568.635 324.217 623.924 387.762 73 0.411734 
1115.52 2474.55 1144.83 2501.42 73 0.552721 
238.18 436.975 294.366 501.283 73 0.973485 
2260.52 2540.98 2280.33 2559.61 73 0.678208 
299.696 743.1 322.514 762.498 73 0.559741 
2932.78 2154.58 2962.65 2181.4 73 0.988747 
1800.95 1298.83 1818.45 1307.7 73 0.440298 
1728.83 2038.99 1757.94 2067.77 73 0.982672 
0 2480.98 72.5227 2565.07 73 0.952202 
316.767 190.096 361.993 241.93 73 0.991987 
454.612 265.596 541.831 353.757 73 0.880387 
317.061 2029.36 340.733 2064.67 73 0.82521 
134.244 514.487 174.858 549.28 73 0.955415 
378.772 1976.41 423.839 2006.82 73 0.324584 
761.904 72.927 893.185 190.285 73 0.900594 
362.727 118.108 475.831 240.669 73 0.917733 
356.397 2051.26 428.348 2128.56 73 0.743609 
303.189 141.802 379.79 202.319 73 0.952706 
17.5898 711.291 56.5264 745.412 73 0.748238 
1101.12 2564.01 1181 2604.94 73 0.95614 
568.528 276.694 635.028 342.644 73 0.925331 
335.127 2034.61 360.441 2060.11 73 0.55496 
697.836 73.0524 750.81 145.581 73 0.993946 
2777.07 2209.89 2803.44 2233.94 73 0.503426 
1340.91 1564.35 1376.48 1587.74 73 0.929942 
1354.9 1548.73 1386.7 1572.24 73 0.925149 
586.79 578.977 684.056 627.828 73 0.984092 
1710.95 1483.76 1727.13 1503.2 73 0.555226 
1515.65 1382.97 1528.33 1398.51 73 0.69707 
2965.79 2840.93 3025 2904.94 73 0.984609 
285.9 265.071 308.291 280.803 73 0.947455 
2811.04 2436.46 2887 2488.52 73 0.971122 
559.893 469.452 668.786 566.015 73 0.721104 
280.304 2157.15 299.513 2178.43 73 0.984201 
348.968 735.173 391.769 754.817 73 0.735808 
309.993 202.623 325.992 225.991 73 0.899246 
2883.78 2203.63 2908.9 2245.22 73 0.989236 
239.215 16.0472 330.722 65.247 73 0.836377 
1551.31 1876.86 1607.93 1932.68 73 0.977307 
300.577 2128.9 318.285 2153.07 73 0.983951 
812.004 256.444 895.172 327.818 73 0.870342 
58.3221 562.042 90.7424 584.522 73 0.952711 
1849.04 1139.98 1896.21 1157.92 73 0.510852 
2726.36 2269.32 2746.35 2286.2 73 0.962928 
65.5865 661.725 117.63 724.62 73 0.539467 
1064.94 2543.34 1089.39 2559.32 73 0.946685 
4.00652 2297.79 52.5234 2358.36 73 0.788645 
0 2297.96 15.3866 2357.1 73 0.543747 
1048.97 70.6221 1066.27 94.0427 73 0.930285 
0.414288 86.1176 47.5907 126.787 73 0.977894 
122.328 522.643 143.346 543.145 73 0.883543 
880.631 293.41 901.594 312.068 73 0.898222 
620.331 96.9412 641.293 122.67 73 0.969276 
432.679 306.644 517.831 405.758 73 0.990127 
73.8411 617.975 107.544 640.595 73 0.931448 
622.515 304.236 672.673 344.12 73 0.973151 
189.406 2177.4 220.968 2203.74 73 0.489791 
1597.86 2260.34 1618.85 2279.88 73 0.983029 
1480.27 1675.69 1498.41 1693.55 73 0.677313 
377.323 168.457 428.963 225.667 73 0.985034 
20.2179 2009.62 90.1406 2083.61 73 0.963391 
2974.73 2163.35 2994.31 2183.2 73 0.533296 
2629.76 2189.38 2646.58 2210.36 73 0.460709 
3042.09 2133.25 3074.11 2177.8 73 0.799665 
2624.99 1395.75 2938.5 1594.53 73 0.705956 
725.62 158.482 764.969 201.441 73 0.924368 
1784.42 1317.87 1804.27 1336.14 73 0.951449 
1487.48 1379.39 1519.87 1403.81 73 0.676074 
177.66 538.434 203.382 562.872 73 0.530618 
290.533 2126.19 310.058 2147.89 73 0.991902 
202.729 242.617 241.625 279.762 73 0.860363 
1536.99 2883.54 1666.01 2928.52 73 0.469762 
1605.7 2279.6 1631.4 2359.22 73 0.857817 
64.4229 2339.57 89.4077 2372.58 73 0.754966 
799.616 187.483 827.314 209.757 73 0.915088 
26.3742 2700.42 43.2495 2726.61 73 0.876009 
1613.95 1250.3 1631.78 1269.61 73 0.365472 
51.8035 699.298 69.5881 718.571 73 0.513 
1079.53 2695.12 1102.1 2716.88 73 0.844929 
1570 1653.81 1619.12 1685.09 73 0.681735 
569.55 391.976 606.04 431.611 73 0.959134 
1707.45 1263.92 1733.1 1293.81 73 0.987136 
1704.49 2727.62 1726.85 2755.31 73 0.388606 
0 191.706 79.5553 312.608 73 0.823305 
49.1047 89.785 71.2257 109.46 73 0.987382 
47.7801 241.175 72.8727 277.678 73 0.958422 
2878.93 2133.54 2964 2184.97 73 0.910345 
2867.54 2080.88 2975.95 2121.76 73 0.782698 
2970.11 2085.82 3001.99 2140.28 73 0.987239 
815.302 266.248 857.054 321.481 73 0.617718 
1338.32 1542.67 1390.52 1592.55 73 0.905115 
14.4063 697.83 57.252 716.427 73 0.446064 
2084.73 2586.1 2112.32 2610.61 73 0.990606 
1109.13 2529.75 1125.78 2550.26 73 0.820189 
1451.15 1649.26 1470.94 1672.79 73 0.964305 
41.9167 2681.53 124.393 2737.7 73 0.89798 
1405.98 936.153 1445.53 975.322 73 0.415184 
78.9386 718.389 123.09 759.012 73 0.972441 
130.071 339.912 151.362 355.912 73 0.658894 
2940.59 2612.97 2993.12 2664.88 73 0.988057 
1991.81 2583.47 2022.46 2608.72 73 0.572538 
56.6505 2477.96 109.27 2558.78 73 0.439624 
1049.46 2894.7 1069.67 2915.64 73 0.94449 
1725.57 1894.57 1767.09 1935.27 73 0.418083 
1359.72 1636.36 1403.22 1673.12 73 0.755114 
96.5052 530.695 184.221 582.866 73 0.979549 
356.588 2224.73 375.778 2247.98 73 0.989547 
285.132 185.266 313.484 219.355 73 0.985932 
261.793 2243.65 298.318 2287.04 73 0.936409 
565.719 357.801 614.044 387.664 73 0.851021 
1019.64 287.668 1049.51 314.114 73 0.971687 
1101.06 93.2868 1144.47 145.538 73 0.91155 
1584.69 2285.89 1613.5 2310.31 73 0.405328 
1478.84 1651.93 1500.98 1669.71 73 0.445108 
493.63 204.796 532.432 240.761 73 0.97508 
1375.78 905.634 1413.05 942.63 73 0.714604 
2700.62 2215.73 2775.69 2263.92 73 0.847757 
583.488 610.586 638.215 640.412 73 0.979214 
423.72 0.906588 469.146 39.8031 73 0.960862 
2111.16 670.652 2143.78 692.816 73 0.596568 
1046.63 132.195 1069.51 150.117 73 0.983454 
2709.39 2188.77 2758.38 2223.44 73 0.984849 
192.698 0 240.024 15.3364 73 0.376983 
1860.23 1248.23 1920.62 1319.39 73 0.842137 
108.684 2333.73 136.659 2360.44 73 0.648107 
818.251 315.476 863.6 350.939 73 0.982002 
159.354 612.23 184.255 637.871 73 0.90864 
64.9685 78.0416 104.389 106.393 73 0.905609 
2925.97 2804.19 2978.36 2860.91 73 0.952516 
201.01 225.591 218.544 249.964 73 0.980592 
210.281 272.017 229.868 292.523 73 0.967297 
524.048 214.267 555.485 235.805 73 0.457397 
1047.44 87.8543 1057.44 99.7411 73 0.854772 
74.3493 426.828 189.691 494.138 73 0.983338 
2740.84 2267.9 2760.28 2285.56 73 0.660053 
8.36468 76.8173 66.8858 103.582 73 0.9813 
123.943 545.462 156.257 570.526 73 0.988922 
2951.21 2129.54 2968.58 2152.31 73 0.429712 
0.958704 237.365 56.6344 315.692 73 0.919302 
299.669 725.063 410.929 786.806 73 0.966152 
607.098 377.006 644.037 407.05 73 0.952549 
667.76 68.1754 765.587 195.136 73 0.847344 
8.98029 2728.52 44.0718 2753.28 73 0.810785 
36.5696 92.5446 54.8872 112.191 73 0.965268 
509.725 296.652 588.305 373.591 73 0.649104 
1589.62 2269.72 1634.46 2405.17 73 0.445897 
48.0702 270.913 76.1575 300.542 73 0.905304 
1481.03 1401.31 1499.51 1422.35 73 0.946822 
